indx generation Control ExtinctionMost ExtinctionMore ExtinctionSome
0 0.0 0.010000000000000002 0.010000000000000002 0.010000000000000002 0.010000000000000002
1 100.0 0.011126502 0.010802865499999998 0.0109072315 0.0104995705
2 200.0 0.012964995500000001 0.012173644499999999 0.0125301785 0.0118079
3 300.0 0.015068519999999997 0.013969825 0.014392145000000004 0.013554280000000002
4 400.0 0.017139270000000005 0.016048725000000003 0.016412395 0.015439694999999998
5 500.0 0.01932211 0.017700965000000003 0.01854837 0.017386699999999995
6 600.0 0.021570805000000002 0.021395229999999998 0.020625225 0.01941784
7 700.0 0.023705139999999996 0.02235167 0.022675275 0.02154203
8 800.0 0.025792415000000003 0.023507085 0.024698354999999998 0.023742965000000005
9 900.0 0.02786994 0.024967915 0.0267874 0.026001280000000005
10 1000.0 0.029904760000000002 0.025498635 0.029954970000000004 0.028283565
11 1100.0 0.03158975 0.029333915 0.034126989999999996 0.03034121
12 1200.0 0.03270663 0.029933139999999997 0.034606745 0.031782295
13 1300.0 0.033245519999999994 0.030910025000000008 0.035467935 0.032602389999999995
14 1400.0 0.03338154 0.0321134 0.03640721499999999 0.03287869
15 1500.0 0.033361089999999996 0.03280026 0.03739702499999999 0.03287683
16 1600.0 0.03333459 0.0357021 0.038160175000000005 0.032850405000000006
17 1700.0 0.0333146 0.03632089 0.03858068 0.032821935
18 1800.0 0.033288055 0.03703224000000001 0.038614915 0.03279855500000001
19 1900.0 0.033266635 0.03782464 0.038582825 0.03278114
20 2000.0 0.03324827999999999 0.038956309999999994 0.038899445 0.03162232000000001
21 2100.0 0.03322263499999999 0.042274255 0.04237428 0.037452240000000005
22 2200.0 0.03319593 0.04286432999999999 0.04296504999999999 0.037995600000000004
23 2300.0 0.033176225 0.043806975000000005 0.04374123 0.038686225000000005
24 2400.0 0.03316069000000001 0.04479108499999999 0.044576784999999994 0.0395254
25 2500.0 0.03314686 0.04596035 0.04530303000000001 0.040378625000000015
26 2600.0 0.033126510000000005 0.050776200000000014 0.04560268 0.040958764999999994
27 2700.0 0.03311168 0.05136994499999999 0.045647074999999995 0.04109392
28 2800.0 0.03310093000000001 0.051969014999999986 0.04562794 0.041075765
29 2900.0 0.033086395000000005 0.05272017999999999 0.045590265000000005 0.041038130000000006
30 3000.0 0.033073609999999996 0.05038249999999998 0.04831741999999999 0.04100263999999999
31 3100.0 0.033052645000000005 0.055487845000000015 0.05287718499999999 0.040963889999999996
32 3200.0 0.03303934500000001 0.055895780000000006 0.053220790000000004 0.04093067
33 3300.0 0.033029915 0.056323984999999986 0.05373682 0.04089605999999999
34 3400.0 0.033019704999999996 0.05683248499999999 0.05444736 0.040863369999999996
35 3500.0 0.03301495 0.056513255 0.05490703500000001 0.040829075
36 3600.0 0.03301066 0.06174944 0.05496888 0.04080001
37 3700.0 0.033009794999999995 0.061842874999999985 0.05493538 0.04077042499999999
38 3800.0 0.033011830000000006 0.062146645000000014 0.054900935000000005 0.04073998499999999
39 3900.0 0.033013585000000005 0.06263727499999999 0.054862814999999995 0.04071007
40 4000.0 0.033008935 0.064483235 0.05387144999999999 0.041170395000000005
41 4100.0 0.03300938499999999 0.06744436000000001 0.058857375 0.04749299
42 4200.0 0.033005959999999994 0.06786916999999999 0.059225335000000025 0.047739255
43 4300.0 0.03301290999999999 0.068462 0.0598838 0.048339825
44 4400.0 0.03301350499999999 0.06894562500000001 0.06069553999999999 0.04919961
45 4500.0 0.033018864999999994 0.06895719 0.061043449999999985 0.04991610999999999
46 4600.0 0.033027555 0.07149993 0.06109515499999999 0.05019981
47 4700.0 0.033033465 0.071693545 0.061067599999999986 0.050269184999999994
48 4800.0 0.03303471000000001 0.071992425 0.06103375000000001 0.050250030000000015
49 4900.0 0.033040895 0.07244118000000001 0.06099554 0.05021370000000001
50 5000.0 0.033051715 0.07272408 0.06001787999999999 0.05017689000000001
51 5100.0 0.03305744000000001 0.07475455499999999 0.06396299999999999 0.050135905
52 5200.0 0.03306913499999999 0.07470685499999999 0.06426868000000001 0.050102165
53 5300.0 0.03307790000000001 0.07524349500000001 0.064833265 0.050067379999999995
54 5400.0 0.033087265000000005 0.07562930000000001 0.06519750999999999 0.050027239999999994
55 5500.0 0.03309849000000001 0.07561904 0.06544809000000001 0.04999579000000001
56 5600.0 0.033114105 0.07767532499999999 0.065481725 0.049962419999999994
57 5700.0 0.033128005 0.07809883499999999 0.06544798 0.0499309
58 5800.0 0.03314644 0.07848374 0.06540696000000001 0.049893074999999995
59 5900.0 0.033159485 0.07889943 0.06536621000000001 0.04985731
60 6000.0 0.033176214999999995 0.07974629999999999 0.06533296499999999 0.04714698
61 6100.0 0.033195829999999996 0.08225670999999998 0.07064297500000001 0.05352835500000001
62 6200.0 0.03320579 0.08267326 0.07083821500000001 0.053803765
63 6300.0 0.03322472 0.08320656500000002 0.07159002 0.05455418999999999
64 6400.0 0.03324171000000001 0.083590275 0.07210352499999999 0.055351810000000015
65 6500.0 0.03326039000000001 0.08428508000000001 0.07228781000000001 0.055865155
66 6600.0 0.033280955 0.08605983 0.07226420000000001 0.055982034999999986
67 6700.0 0.03329910000000001 0.08616472 0.072219595 0.05595217000000001
68 6800.0 0.033324695 0.08657190000000001 0.07218313500000002 0.055912360000000015
69 6900.0 0.033344904999999994 0.08691776999999999 0.072143945 0.055867734999999995
70 7000.0 0.033363865 0.08674146000000002 0.07295044499999999 0.05582964
71 7100.0 0.033381345 0.08912255 0.07757789000000001 0.05579072500000002
72 7200.0 0.033408894999999994 0.08941288000000001 0.07798307499999999 0.055752904999999985
73 7300.0 0.033432624999999994 0.08961905499999999 0.07840995 0.055718585
74 7400.0 0.03345398000000001 0.08974789999999999 0.07885507 0.05567493
75 7500.0 0.03347772500000001 0.08948303500000002 0.07895737499999998 0.05563745499999999
76 7600.0 0.03350142500000001 0.091453635 0.078954065 0.055594964999999996
77 7700.0 0.033522755 0.09177132 0.07890979499999999 0.055555030000000005
78 7800.0 0.033546484999999994 0.092327035 0.07886675 0.055515064999999995
79 7900.0 0.033568579999999994 0.092648335 0.07882974500000002 0.05547833500000001
80 8000.0 0.033592205 0.092358525 0.07956147499999999 0.05313249
81 8100.0 0.033619764999999996 0.09439597 0.08379421 0.06027612499999999
82 8200.0 0.033649895 0.09440496 0.08421932000000001 0.06063945499999999
83 8300.0 0.033672525 0.09487582999999998 0.08467777 0.06139004499999999
84 8400.0 0.033697955 0.09514513 0.08511454500000001 0.06208171
85 8500.0 0.033726935 0.09553498499999999 0.08516960000000003 0.0625005
86 8600.0 0.03375458 0.09805385999999999 0.08516107499999999 0.06255582500000001
87 8700.0 0.033780595000000004 0.09800438 0.08511865000000002 0.062517825
88 8800.0 0.033806785 0.09841794499999999 0.0850744 0.062476219999999985
89 8900.0 0.03383606 0.09865719999999999 0.085023205 0.062440450000000015
90 9000.0 0.03386274 0.0979514 0.08500669500000001 0.06239658
91 9100.0 0.033884685000000005 0.10003588 0.088010535 0.062355439999999984
92 9200.0 0.033914654999999995 0.100122475 0.08810634499999999 0.062321119999999994
93 9300.0 0.03394316 0.100524845 0.08861206000000002 0.062277555
94 9400.0 0.03397453999999999 0.10074498000000001 0.08893203999999998 0.06223976499999999
95 9500.0 0.034000245000000005 0.10025154 0.08901272499999999 0.062195070000000005
96 9600.0 0.034024395 0.10224438 0.08898004 0.06215398500000001
97 9700.0 0.03405515499999999 0.10270079000000001 0.0889313 0.06211425499999999
98 9800.0 0.03408573499999999 0.10335682000000004 0.088886215 0.06207638000000001
99 9900.0 0.034116265 0.10353565500000002 0.08883986499999998 0.062035169999999994
100 10000.0 0.03414326999999999 0.10500608 0.091453885 0.062837435
101 10100.0 0.034171045000000004 0.10605703 0.09413247499999998 0.06950731
102 10200.0 0.034202305 0.106351945 0.094564575 0.069334415
103 10300.0 0.034237769999999994 0.10667502000000002 0.09504217000000001 0.06971344999999998
104 10400.0 0.034269875 0.10684806500000002 0.09534832 0.07021292000000001
105 10500.0 0.03430255 0.10564073499999997 0.095331085 0.07051935499999999
106 10600.0 0.034339655 0.10691944 0.09528693499999999 0.07051495500000002
107 10700.0 0.034373745 0.10713318999999996 0.095235945 0.07047411
108 10800.0 0.03440768999999999 0.10727168000000001 0.095185675 0.070435915
109 10900.0 0.03443238 0.10730446999999999 0.09513015 0.070393715
110 11000.0 0.03445939999999999 0.10675218 0.09793452000000001 0.070351195
111 11100.0 0.034493235 0.10855305 0.09998140000000001 0.07030953500000002
112 11200.0 0.03452978999999999 0.108995565 0.10005331000000002 0.07026848
113 11300.0 0.034564625 0.10940064999999996 0.10031303999999999 0.07022597
114 11400.0 0.03460019499999999 0.109465485 0.10052837999999997 0.07018559999999999
115 11500.0 0.034629505 0.10901933 0.100488155 0.07014822500000001
116 11600.0 0.034669765000000005 0.1106471 0.100434705 0.07010395999999999
117 11700.0 0.034703759999999986 0.110810755 0.10038980999999998 0.07006503000000001
118 11800.0 0.03473531 0.11103082 0.100330735 0.07001343499999998
119 11900.0 0.034769869999999994 0.11109287500000001 0.10027668499999998 0.069970305
120 12000.0 0.034805335 0.111747715 0.09996342500000002 0.068614755
121 12100.0 0.034838169999999995 0.11313658 0.10225829 0.074394945
122 12200.0 0.03486785 0.11354758000000001 0.10239923999999997 0.07409888
123 12300.0 0.034898885 0.11390183500000002 0.10293830499999998 0.07443809
124 12400.0 0.03493539999999999 0.11400658000000001 0.10309234500000002 0.07513446
125 12500.0 0.03497284 0.11534337000000001 0.10304744000000002 0.07543268
126 12600.0 0.035006085000000006 0.11715094499999998 0.102998035 0.07543359499999999
127 12700.0 0.03504236000000001 0.11773004999999999 0.102939165 0.07539463000000002
128 12800.0 0.035072655 0.11802743499999999 0.10288321 0.07535104
129 12900.0 0.035107679999999995 0.11803459499999999 0.10282962500000001 0.0753157
130 13000.0 0.03513978499999999 0.11790819500000001 0.10219623500000001 0.07526891999999999
131 13100.0 0.035178625000000005 0.12026403 0.10477465000000001 0.07522645999999998
132 13200.0 0.03520792 0.12032005500000001 0.104919905 0.075181765
133 13300.0 0.035249340000000004 0.12045357500000002 0.10555787999999999 0.07513286499999998
134 13400.0 0.03528227999999999 0.12050462999999997 0.10581719999999999 0.07508585999999999
135 13500.0 0.035319235 0.12072949 0.10576660499999999 0.07503782999999999
136 13600.0 0.035352024999999995 0.12132670000000001 0.10571108500000001 0.074990485
137 13700.0 0.03538076999999999 0.12166730499999998 0.10566299499999998 0.07494226000000001
138 13800.0 0.035410165 0.12205407000000001 0.10560382500000001 0.07489271500000003
139 13900.0 0.035441725 0.12213925 0.10554719499999998 0.074843855
140 14000.0 0.035481435000000006 0.12172215 0.10827350500000002 0.07277284000000002
141 14100.0 0.03551766 0.12273093000000002 0.11017471999999999 0.08014657
142 14200.0 0.035547915 0.12326156000000002 0.11041693000000004 0.08031598499999999
143 14300.0 0.035579929999999996 0.12348455500000002 0.11074815499999999 0.080548465
144 14400.0 0.035612700000000004 0.12361873000000001 0.11088019500000001 0.080851215
145 14500.0 0.035646785 0.125979715 0.110825335 0.08088691499999999
146 14600.0 0.0356828 0.1273297 0.11076744999999996 0.08083337
147 14700.0 0.03571592999999999 0.12776406 0.11071285499999999 0.08079137500000001
148 14800.0 0.035752229999999996 0.128241255 0.11065456 0.08074247999999999
149 14900.0 0.03578860500000001 0.12824079 0.11058638000000001 0.08069747000000001
150 15000.0 0.03582737 0.13048879 0.113145265 0.08064777999999999
